1 , χ11111
1111111111 1111111111, 111111 11111 1111111111 111111 111111 1111111111 du 1111111111θῦ1
1111111,111111111111111111 11 1111111111 11111 11 1111111 1111111111111111 11111111111111;
11111 lui 1111111111 11 sos 1111111, at, 111111111111111111111111111111111111111111,1111
11111111-1111111,111111111111111111111111 11 11 monachia, 111 1111111111111111 11111111
1111111111 sang 111 martyre 11111 1111111111 saint-uanis. 11111, si 11111111 1111 1111111111111111
domem& 111 1111111111 1111111111 1111111111111,1111111111111111111111111111
111111 1111111111 1111111111 1111111111111111111111 1111111111 111111 11111111. 1111111

· 1111 ses 111111, M. 11 1111111111 permit 111 illustre 1111111111 11 (1111111611 1011111 1111111111,
ss [1111111111 111111 1111111111111111111 111, les 111111 11 1111111111 11111 (1111111111,
’ mais 111 pas 11111 111111 11 11111111 qui depuis 1111111111 11111, 11511 ⁸11 1111111111 1111 111 11

 

11111. bien 1111 1111111 111111 aux 1111111 de 1111 1111111, l’un 1111111111 1111111111111, 111111
1111111111111111 11 1111111111 aux 111111 1111111,111111111111111111111111111,1111
mim 1111 1111111111, 11 langue 1111111111 11 calle 11 David.

11111 en 1111111111 11 moins, 11111111 Emmanuel, 111111111111111111111111111111.11111 ’

minim 1111111111 11 1111111111111111,11111111 11 verso 1111Ι une 111 1111111111111111·
111111 nne 111111 111 parsum 1111111111111111111 1111111 1111111 1 ’1111 organas. 111 catha. ’
liques 1111 1111111111 1 111 111111111111111111111111. 1111111111111111111111111111111 .
111 Bw 11 11111111111111111111 111111111111111111 11111111 ou 1111111111 qui pep-

1111111111111111 1111111111111111111 11 1111111111, 1111111111111111111111111111

dm 11111111 111111111πί11,1111111111111111111111111, en 11111111 11 1111111 qui la 11111

1111111111 qui 11 1111111111, 1111111111 11 nature ni 111 1111111111. (1111111111111 1111111111,

111 ta 1111111 1111111 soit inutile 11 11111111 qui s'y 11111111, Ello 11111 111 pas necessairesmais

1111 lui 111 1111111111. 11111 111111 11 1111 les 111111111111111, 1111111111, en suivant leurs

11111, 11111 11111111 1111111, 1111111 1111 1111011111 1111 111, 11111 puisse 1111111111

11111.

Quoi que 1111111, 11 affut, 111 1111111111 11 pamla 111111 11 les 11111111 11 11 1111111
1111111111, ils 11 nous 1111111111Ἐῦῐὶω11 que 111111 1111111, dans un ordre 111111 Ha? 11
1111111111 11111111 11111111 111111111111,11,111111 111111111111 1111 exposition 11
11111111 1111111, 1111111111, 1111111111 111111,111111111111111111111111111 1111111111 de
1111 lui 1111111111 11111 des 111111. 11 1111111111,11111111111,11 111111111111111
les 1111111111 11 1111111111 11 111111 les 1111111 11111 11111111111111111111 111 11111111
111111111111111. 1111 1111111111, 1111111111 1111111111 1111111111, 11111111 ,11 1111111111
1111111111 1111111 1111 111111111111111111 1111111111 111111 11 11 111111 1111111111
1111111111, 111111111111-1111111111111111111111111111111111, 1111111111 1111111111
1111111111 1111, 111 1111111111 11 1111111111111111111111111111111111111111; mais, soutenus
1111111111 111111111111111111111111 1111111111, nous 1111111111 1111111111 1111111 sous
1111111111 11 la sainte 111111, 1111111111 aveo 1111111111 plans 1111111111 11 1111111111,

1111111111111111111111111111111111111111111111111111111111111111111,1111111- 2
1111 1111111111 111111111111,11 saluam, 111111 111111 des 11111111,11111’1 ce 11111ῃέ11 2

1111 11 111111 1111111111 1111111111 tout 1111111 1111111111 ,1111 sa 1111111111 111
1111111 de 11 1111111111 111 11111, et 1111111111 111111111111111111 qui, 111111 111111 qui
111. cette 111111 da 1111111151 111 11111111 1111111111 1111111111 1111111111111 1111 1111111-
11111 111111111 ,1111111111 11 111111. 11 11111111 111 y 11111111 11 11111 11 11 1111111111,
1111111 par 1111111 1111111111 1111 111111. 111111111111111111111111111111111111111111111,
1111111111 11 chuta 111 ,11111 1111111511111111111 que 11111111 n'est rien 11 la 11111111
’111 uhu, 11111 1111 tout 1111111 suus 11 double impulsion de 11 libert& de 1111111111111111-
111111111111111111111 1111111111 1111111111ιὲ 1111111111 letavit. 11111111 un 1111111
111111 de 11 vie 1111111111 ,1111111111 11 1111111111, 1111111111111111111111111111 que
11111111, 1111111111111111111111111 1 111111, 1111111111111111111 1111111111 1101111111
1111111111 111 111111111111111111111111111111111111111111111111111111 est 1111111. 11111
1111111111 1111111111 oeuvre. ll est au 11111111 Booz, 11111111 111111 de Noemi, 11111111 11
111 Babylone 11 {estin 11 8111111111. 11 s'assied sous latente d'Abraham, 11111111 1111111 giu

 

